57 2
29 25
94 632
22 202
28 886
70 103
2 8
91 61
10 20
38 675
68 60
81 163
90 79
65 16
75 153
36 143
45 94
83 93
43 27
4 29
19 129
17 23
71 136
49 275
6 397
87 2
61 7
79 179
60 37
35 14
33 78
88 208
95 716
44 34
73 173
82 240
77 381
13 289
1 18
93 67
20 108
9 179
58 111
56 470
42 233
21 24
11 203
27 37
40 4
18 241
3 71
48 103
31 23
96 82
46 16
50 29
62 119
76 259
59 13
26 15
39 2
37 48
41 98
34 385
85 395
69 63
84 240
67 13
14 112
80 386
30 32
32 88
78 25
72 127
89 2
23 184
5 18
64 90
15 408
25 23
55 4
7 219
53 147
74 181
16 244
