57 57
29 669
94 7040
22 2001
28 7968
70 2851
2 157
91 912
10 1392
38 7409
68 2544
81 3647
90 1857
65 481
75 4962
36 4609
45 1707
83 2266
43 2970
4 278
19 1061
17 506
71 1750
49 2698
6 4524
87 189
61 45
79 3752
60 219
35 473
33 1599
88 4528
95 7121
44 542
73 3377
82 4394
13 5578
77 5299
1 111
93 675
20 1169
9 4583
58 5764
56 7812
42 6380
21 741
27 1738
11 3282
40 40
18 3928
3 2136
48 4738
31 80
96 2104
46 2006
50 1532
62 2436
76 3655
59 1311
26 57
39 122
37 1049
41 3930
34 4760
85 7589
69 824
84 3414
67 223
12 5
14 2492
92 27
80 3228
30 358
32 4719
78 673
72 2936
89 30
23 3316
5 687
64 1897
15 6715
55 271
25 516
7 3916
53 3050
74 4464
16 6167
8 9
